spawns: 
  default: 
    world: world
    x: -266.9763517183097
    y: 63.0625
    z: 80.77640703885041
    yaw: -180.24023
    pitch: -3.7497725
