spawns: 
  default: 
    world: world
    x: -260.4110532983427
    y: 63.0
    z: 186.43907315823333
    yaw: -227.91211
    pitch: 15.000042
